referrer,views_total,views_unique
sap.github.io,1198,486
Google,588,327
Bing,94,42
github.com,87,30
statics.teams.cdn.office.net,69,27
confluence.secext.samsung.net,36,13
wiki.one.int.sap,30,16
hub.docker.com,24,15
ecosia.org,21,6
me.sap.com,19,11
